# fft64_q15 128
213
-194
276
-507
-14
220
139
541
-1946
639
45
-609
585
227
-144
-412
327
-619
267
144
18
22
-871
-164
-965
589
1065
161
-82
520
498
-265
515
553
-765
937
136
-454
459
-111
-321
101
152
425
1636
-436
-472
-370
282
1330
-582
461
589
-564
-571
-74
123
202
-944
952
643
-376
1015
-16
-695
-543
375
104
-779
-539
-327
170
-20
-10
-131
-210
-83
676
-83
-338
-82
419
11
869
668
479
-128
679
806
776
-324
409
-75
-195
949
192
-144
-146
-509
193
358
-173
-853
439
490
-815
-876
-448
-1212
-305
-773
-139
-1260
-225
-81
-315
134
-55
298
233
-380
-561
739
-91
489
939
-362
285
